(3, 76.4950901, 9.921636, 4.629, datetime.datetime(2025, 2, 25, 18, 53, 30, 971103))
(4, 76.4950896, 9.9216365, 4.219, datetime.datetime(2025, 2, 25, 18, 53, 33, 527730))
(50, 76.4848733, 9.9974723, 4.409, datetime.datetime(2025, 3, 3, 16, 55, 36, 427616))
(51, 76.4848731, 9.9974725, 2.473, datetime.datetime(2025, 3, 3, 16, 56, 21, 863205))
(52, 76.485154, 9.9975187, 1.693, datetime.datetime(2025, 3, 3, 17, 12, 54, 109707))
(23, 76.4200275, 9.9652654, 4.125, datetime.datetime(2025, 3, 1, 4, 46, 29, 424550))
(101, 76.4489053, 10.036216, 3.146, datetime.datetime(2025, 4, 6, 18, 19, 45, 777539))
(16, 76.4939134, 9.9150832, 4.999, datetime.datetime(2025, 2, 27, 12, 28, 17, 760921))
(17, 76.4235718, 9.963935, 4.814, datetime.datetime(2025, 3, 1, 4, 44, 7, 361048))
(25, 76.419783, 9.9653754, 4.983, datetime.datetime(2025, 3, 1, 4, 46, 48, 4830))
(34, 76.437654, 9.9977444, 4.124, datetime.datetime(2025, 3, 1, 5, 29, 37, 805961))
(35, 76.4296615, 9.9889319, 4.936, datetime.datetime(2025, 3, 1, 5, 32, 30, 907035))
(65, 76.4292755, 9.9873369, 4.067, datetime.datetime(2025, 3, 5, 5, 23, 3, 719974))
(1, 12.9715987, 77.594566, 3.109, datetime.datetime(2025, 2, 18, 4, 53, 38, 300986))
(2, 13.0826802, 80.2707184, 0.682, datetime.datetime(2025, 2, 18, 4, 53, 38, 300986))
(5, 76.4950899, 9.9216364, 3.674, datetime.datetime(2025, 2, 25, 20, 9, 16, 522357))
(6, 76.4950902, 9.9216361, 2.897, datetime.datetime(2025, 2, 25, 20, 10, 22, 580485))
(7, 76.49509, 9.9216359, 4.523, datetime.datetime(2025, 2, 26, 11, 14, 58, 843010))
(8, 76.4950898, 9.921636, 2.99, datetime.datetime(2025, 2, 26, 13, 36, 17, 815160))
(11, 76.4289059, 9.9669384, 3.257, datetime.datetime(2025, 2, 27, 11, 33, 5, 432139))
(12, 76.4979102, 9.9229679, 3.408, datetime.datetime(2025, 2, 27, 11, 49, 23, 330787))
(13, 76.4934049, 9.9144272, 2.968, datetime.datetime(2025, 2, 27, 12, 27, 31, 374202))
(14, 76.4935865, 9.9146798, 3.338, datetime.datetime(2025, 2, 27, 12, 27, 59, 909435))
(15, 76.4937663, 9.9148988, 4.292, datetime.datetime(2025, 2, 27, 12, 28, 15, 929347))
(18, 76.4229586, 9.9639643, 4.148, datetime.datetime(2025, 3, 1, 4, 44, 27, 28567))
(19, 76.4221055, 9.9643637, 4.189, datetime.datetime(2025, 3, 1, 4, 44, 48, 301167))
(20, 76.421336, 9.9646223, 3.143, datetime.datetime(2025, 3, 1, 4, 45, 0, 357294))
(21, 76.4207946, 9.9648061, 3.649, datetime.datetime(2025, 3, 1, 4, 45, 8, 881822))
(22, 76.4203604, 9.964951, 2.879, datetime.datetime(2025, 3, 1, 4, 45, 42, 147435))
(24, 76.4182461, 9.9649441, 4.344, datetime.datetime(2025, 3, 1, 4, 46, 47, 81655))
(26, 76.4194394, 9.9652869, 3.46, datetime.datetime(2025, 3, 1, 4, 46, 51, 238407))
(27, 76.4176009, 9.9647499, 3.472, datetime.datetime(2025, 3, 1, 4, 46, 56, 435798))
(28, 76.4170121, 9.9645967, 2.445, datetime.datetime(2025, 3, 1, 4, 47, 5, 981233))
(30, 76.4488768, 10.0361323, 4.459, datetime.datetime(2025, 3, 1, 5, 22, 56, 179614))
(31, 76.4481588, 10.0347482, 2.051, datetime.datetime(2025, 3, 1, 5, 24, 45, 188585))
(32, 76.4480239, 10.033638, 3.373, datetime.datetime(2025, 3, 1, 5, 26, 26, 926821))
(33, 76.4480075, 10.0324902, 4.0, datetime.datetime(2025, 3, 1, 5, 28, 4, 926266))
(38, 76.4491789, 10.0364835, 1.206, datetime.datetime(2025, 3, 2, 15, 1, 52, 877357))
(40, 76.4488621, 10.0361819, 3.77, datetime.datetime(2025, 3, 2, 15, 37, 29, 927806))
(63, 76.4486926, 10.0219024, 1.445, datetime.datetime(2025, 3, 5, 5, 14, 6, 218160))
(71, 76.4149565, 9.9644543, 3.555, datetime.datetime(2025, 3, 5, 5, 31, 11, 512308))